[rain_test_kd]
00:00:00			=	rain_test_kd_1
12:00:00			=	rain_test_kd_1

[rain_test_kd_1]
flares			=	
sun_shafts		=	1.0
sun_shafts_length 		=	1.0
rain_max_drop_angle		=	30
sky_texture		=	sky\clouds\clouds_05-00
sky_rotation		=	0
sky_color		=	1.000000, 1.000000, 1.000000
clouds_texture	=	sky\sky_oblaka
clouds_color	= 1.0000, 1.0000, 1.0000, 0.200, 0.900
far_plane		=	800
fog_distance	=	700
fog_color		= 0.2745, 0.2862745, 0.290196
fog_density		=	0.7
rain_density	=	1.0
rain_color		= 0.7135, 0.7045, 0.6967
rain_increase_speed = 1.0
thunderbolt		=
bolt_period		=	3.5
bolt_duration	=	0.35
wind_velocity	=	80
wind_direction	=	0.0
ambient		= 0.0882, 0.0860, 0.08759
lmap_color		=	1.0,	1.0,	1.0
hemi_color		= 0.500000, 0.500000, 0.500000
sun_color		=	1.000000, 0.9214953, 0.727103
sun_dir			=	-38.430000, 61.361200
env_ambient		=	ambient_env_day